4768 - (-38.25132768348288, -133.48369864687317)
6492 - (40.49346831243841, 94.98218514062717)
8798 - (-25.522733412052105, 27.65472476252404)
6267 - (-19.59148816243591, -157.13844671341076)
2201 - (-59.40408940186323, -43.58800425972319)
4748 - (66.4634203383624, 33.296897065913384)
7621 - (48.796320432329196, -147.74850620143982)
6892 - (-89.61339622620513, 62.69075452166308)
1937 - (89.56603470809614, 27.252725061997353)
9193 - (30.4019604600103, -168.44338818380834)
3560 - (-61.26678951795172, -171.87910794945225)
4560 - (50.67796642615397, -19.100356377515)
6959 - (68.02556704163064, 41.37483620110885)
5440 - (-70.89218299484963, -152.29705033305402)
1877 - (38.15770622293681, 74.55399008772389)
6522 - (-15.247546055291593, 13.742727736195008)
6533 - (-22.99807605618406, 136.4596861391576)
8609 - (-25.183607464516385, 122.91971526745664)
1379 - (17.841318957371016, -84.8578225305754)
9512 - (-75.48263039515687, 75.24313958805445)
5799 - (-68.1303535983046, -55.75621276694082)
5943 - (-85.65976908142858, 175.96938982513393)
1050 - (-88.38447658045372, -110.63462353966767)
6952 - (77.80773481355939, -2.895170093581868)
5877 - (-48.91363286263391, -114.96770490177761)
8291 - (-73.70743896144916, -31.651636727001375)
4750 - (72.78285255981481, -80.78576833846539)
7711 - (-6.798884823872342, 61.19928198933434)
3289 - (68.28796983128635, -156.63813969394943)
4234 - (80.89886968422121, 110.94881457967267)
2778 - (-72.52729456924587, -44.87565020117833)
3341 - (-77.65610300652658, -12.305578454352286)
1521 - (-71.72094386687712, 86.14605979793106)
5528 - (-37.09789379937498, 179.52819619767223)
2496 - (-38.79481463959781, 161.35904333416437)
6117 - (68.57326820893095, 44.57517258601294)
8777 - (-3.442759940646425, -103.85197726716932)
3503 - (1.868586339872337, 62.13536439947302)
4807 - (85.82839619355653, 106.96339183786853)
1272 - (55.75239740520237, -25.508285117008484)
9669 - (11.850764744978292, -46.03697598735744)
2500 - (2.139520061829899, 112.6664547582343)
6295 - (74.47549304137888, 97.08173276655384)
7464 - (60.66755964012236, -75.44198809065112)
9900 - (-19.035210277005916, 120.1595155168107)
9128 - (83.2867079801101, 78.75585101102206)
9631 - (-82.22548709557196, -49.47276004273391)
9924 - (77.77274497081518, -45.26024451719786)
5278 - (83.28144438347093, 78.7352035070823)
5960 - (-30.871776974209375, 17.550442397101023)
1155 - (-22.68960286645553, -49.363706240236866)
2540 - (67.62581075091072, -171.132658914578)
7158 - (44.58443377183494, 177.35415541007376)
2688 - (-75.00809845101342, 125.27794868368386)
3171 - (-37.80878979977784, 81.02220683928078)
5440 - (48.448695917835664, -25.6378971404838)
8191 - (-15.479828831261756, -154.64038362941076)
8194 - (16.226332604835875, 177.04640211102077)
3479 - (65.99041369540478, 70.01315829995141)
3318 - (-86.64439825452556, -50.65465383579502)
4000 - (-47.075035524512614, 171.18963872451815)
8050 - (43.352625794703044, 95.83663614259598)
7419 - (-79.29863086625224, -150.99189389609728)
7061 - (22.32094531277731, 171.6341895819778)
9154 - (48.74833694795382, -87.39172278300182)
8744 - (-68.88788847190403, -164.25745749351998)
2990 - (-27.017134444843173, 166.15265784544823)
3361 - (-10.815273772107446, 126.61087053786298)
8459 - (-19.41328740534894, -48.63343916034074)
2956 - (43.56087489329576, 60.10843738637561)
5371 - (-42.25537159119937, 104.229774377225)
2593 - (-57.06551611478771, 25.844894455415385)
5775 - (-32.963722806275435, 164.34871187053125)
2791 - (-62.706376421479696, -129.42854053948457)
6573 - (73.85983176196953, 1.442239415600397)
1982 - (-73.59183359102484, -27.792842026569218)
9851 - (-12.770898758647036, 136.30852590159532)
3449 - (-22.669133391267053, 83.68750551593229)
7367 - (32.77412478971682, 2.761963595215349)
4678 - (-66.76179120257407, -47.64920225566371)
6566 - (-71.37996397287498, -160.08281171495574)
4449 - (-34.102914990435785, 130.96342673383202)
5637 - (-71.98267718296358, 117.18698072231166)
7838 - (-7.766349014197601, 29.692671756812928)
9574 - (24.95966212289423, 176.31950577538947)
3565 - (82.51544418216986, -93.72637931321967)
1045 - (-22.27387471958879, -21.384524414329007)
5530 - (3.26332336788542, -111.57141371657187)
7970 - (10.899761174171175, -176.5513020129091)
2066 - (-29.496363932885174, -168.9565421939011)
8160 - (-46.58455608845359, 142.8634165400304)
4124 - (13.038017148653722, 57.99039645511351)
5060 - (-30.573837377892914, 80.09853593402266)
5475 - (41.952255085431574, -94.58836639921745)
2485 - (21.64142071181773, -170.23950712408825)
7455 - (8.330852613381253, 129.37854840748622)
5503 - (-51.2569184918876, 144.93134752085712)
6426 - (37.28981883805872, 52.958616069919344)
7505 - (-57.86810611865325, 110.08985889602405)
1348 - (85.87809833442262, -133.99585145934856)
9793 - (-80.37094368259946, 53.360241532255)
6334 - (-0.099304609575952, -116.58160616274955)
1737 - (-64.30428255841292, 144.39154172215268)
8831 - (-52.743363647983415, 94.22251800479245)
9113 - (40.598428060669875, -19.946539901377776)
4779 - (-32.15563738959205, -73.16629060770492)
5054 - (86.13905878891373, -141.8617693456785)
5163 - (-69.1084573964715, -12.926565929561207)
8345 - (-12.203921571211396, 16.690608943919784)
1430 - (70.2272416415274, -44.7910666898336)
6114 - (49.472887910139804, -65.67012063144008)
5383 - (-53.28494151846982, -32.67011971334796)
4979 - (84.91752422459226, 140.1446623824641)
7590 - (-29.922539180864476, -153.50591308370946)
2030 - (-85.5328584865049, 97.02554533061164)
5343 - (-3.222077657842163, 109.36832065333289)
3510 - (-3.371127828344513, 23.704038937293802)
1443 - (58.58171890952056, -67.13966924964558)
1973 - (-83.53820467457484, -136.50792820301973)
9137 - (-22.10069135028988, 14.049410193946244)
9061 - (11.081786514130343, 24.357177573831308)
1967 - (66.16153560233741, 13.107784376080389)
1231 - (50.048925865093224, -50.0835295891483)
9981 - (39.18819390075387, 59.780602002523494)
9734 - (-53.62620975575436, 84.87304452060903)
2801 - (-54.39988701132014, 11.021473008051998)
3475 - (22.541869624821345, -179.5503624740744)
8891 - (-79.15845949385555, -172.92143112739242)
9826 - (-61.441040667381316, 157.15235702977157)
4627 - (-18.18538464390646, 14.817176857300268)
7602 - (51.17220595943644, 76.1928062383572)
2463 - (59.35148192220035, 172.91793899565806)
5338 - (48.21191900417756, 33.775282299181384)
8069 - (31.578309879735187, -34.19752446987155)
5558 - (-22.091743604655704, 167.01419788165816)
5953 - (77.93048561656889, -71.55383977145951)
8952 - (53.24180023525554, 115.8495617101645)
9198 - (-59.5102050990473, -29.442632662949336)
9502 - (14.249039278095054, 84.91141971952248)
5686 - (-69.82037065001228, 158.6113864361231)
8398 - (-65.21922656832913, -157.25674648268284)
9747 - (1.925247976101119, 43.29420397640334)
8559 - (20.814950211214253, 118.67212673995726)
6694 - (34.67909893172842, 80.38803367291473)
2005 - (-11.953804467676122, 1.414033717690103)
6200 - (56.92184589690018, 7.161836773431133)
3149 - (69.63072266230407, 127.08148169353245)
9341 - (16.796591217192585, 117.60058494116964)
7563 - (-10.461824274293889, 21.545761271013617)
7566 - (-3.167560814427077, 68.92056224942758)
7298 - (87.27579055568188, -13.53358779472535)
9716 - (-57.11545751515539, -145.78025732497605)
7330 - (5.561598304744052, -176.30292407829495)
8785 - (26.602476950367773, -43.96780371953659)
9075 - (-36.595272854818276, 97.011877765252)
9272 - (-58.05117970195255, -164.25244809377432)
5067 - (42.86905222272097, 83.42126695531437)
8005 - (-71.709860203029, -150.60879099539585)
7127 - (-47.16192134200264, -136.83110074074062)
6074 - (-33.91196045650926, -147.90666790782785)
3010 - (32.14780850143373, 64.16139776675965)
2186 - (-60.341734240823726, -151.13276361015943)
5735 - (-70.95304724372521, -122.6925524915628)
1771 - (-67.21454038347571, 74.4262172620484)
1217 - (-21.836935914833205, -2.569955266570446)
2131 - (-35.8009308088235, 161.5212546460856)
1747 - (-15.980630703509405, 65.00131810553862)
2101 - (-1.502321445710621, -54.52341175485313)
6578 - (-63.64573190721388, 79.80825570198232)
2437 - (-19.320569557536643, 9.860696937286718)
6494 - (61.90300821401925, 80.73120750489863)
1118 - (63.036833139663884, 14.377201167811108)
5637 - (57.6128301668748, 118.09998930913389)
4884 - (76.63611241918852, -80.50851975060935)
2557 - (31.50107170897543, 82.76097795550783)
3945 - (87.14444435318543, 11.847660025321403)
2928 - (55.79127628254338, 161.23265951041213)
4220 - (-41.67487132828192, 61.07458241068096)
3974 - (84.6117170199827, 55.18843713663384)
2710 - (-23.44654440420979, -34.05105244995423)
3048 - (-71.04309006419241, -24.647631739722215)
6140 - (-69.75352226032206, -148.4349118037817)
8469 - (-68.13469618198593, 0.569718000789322)
9402 - (68.6150823898929, 9.023031050295856)
8061 - (43.04579592404684, 63.21772667215768)
9641 - (-25.117508350373697, -103.93087572578861)
9414 - (-57.95464012995418, 159.43329010303194)
6554 - (-50.23512775660254, 13.644714487536191)
4636 - (26.175204909835415, -103.8166951161049)
6823 - (45.11301482771387, -47.98497243012082)
5442 - (8.404099609264861, -58.0493517537618)
4543 - (59.48521912980479, 44.50211154564792)
4798 - (80.76804738171344, -71.74279635370111)
9441 - (-30.954431558748524, 179.95585721982206)
7632 - (-89.83464041861379, -142.01308094414287)
9819 - (-1.64670807288104, -73.25254988926288)
4786 - (36.41897453171168, 62.91206971282804)
1864 - (-69.98475728464254, -152.49302205721875)
5170 - (84.1358290006632, 92.9229316752236)
2782 - (-22.26938128095803, 65.10621616910936)
3468 - (-14.921801686318773, -154.5937763185515)
8902 - (-64.32934089595264, -51.35026445832324)
4593 - (50.43114773914792, -116.13255746907696)
1349 - (7.682337775610335, -80.74268489199326)
5039 - (-17.45966018486952, -42.790511619136794)
7460 - (-14.407669849234594, 43.36857546271065)
4713 - (-13.432619167583297, -120.61018493577163)
7665 - (9.92838312018911, -46.09912562220961)
2429 - (3.296267608237073, -28.630716269008303)
3856 - (-9.133907288486782, 87.36840757776946)
7545 - (-49.19371088846612, -22.976944240512296)
9278 - (75.16199999377719, -121.8798059524175)
8979 - (65.90416987112215, -18.372996713835107)
5588 - (30.44481097607718, 126.82240070892436)
2292 - (-5.735534533644909, -6.943883966943645)
9294 - (-46.66170402184029, -179.8026306954731)
6552 - (22.106721828510118, -3.702023655192079)
1466 - (13.698469186997428, 176.83923052695087)
4772 - (-56.240403088448296, -134.25439754408205)
2023 - (49.03389701270788, 78.02045734442277)
1275 - (-55.10814590614544, -60.98988886397538)
3639 - (-54.772599078355775, 63.002610727374076)
4582 - (46.96668970314863, 93.64356129401278)
4168 - (16.477099953517808, 175.28778533305507)
7083 - (34.20533391694967, -41.076844014083804)
3860 - (-76.77547605194482, -52.821436562622935)
5699 - (21.593892387976894, 116.14605233494967)
2091 - (79.47580813682615, 42.9976355211453)
1089 - (-62.48002333046179, -4.117316787746944)
9847 - (50.34148450297596, 25.9397069223391)
8585 - (-17.592799703829456, -42.21472900197844)
1041 - (-29.017285970090995, 151.11981922013086)
4848 - (43.07782152806831, 75.83571945280397)
5961 - (-34.254574212146174, 33.15087170174593)
7828 - (67.201154861746, 115.7293086647536)
9757 - (-24.940011716241358, -82.4649362298681)
6923 - (27.746876366855744, 7.810410697637593)
5413 - (-71.3654496629473, 86.65294578034019)
8641 - (-39.42163133108617, -138.29875306239475)
7268 - (6.591917985341638, 174.9237573128371)
1033 - (-2.185870733011043, -92.65781122245056)
1714 - (-69.39347864881313, -0.990869441496301)
4521 - (46.610308026067, -116.11326662581607)
8719 - (-19.782358977622067, 166.32974470984863)
8235 - (42.14513293995121, 24.754689055540396)
9753 - (-49.07952560047085, 162.09563739465625)
8077 - (66.08555823228184, 21.795916700598696)
7848 - (-57.452941230094204, 23.472824680133726)
7434 - (81.72068382007151, -26.322361050258962)
9583 - (-38.02290574161256, -93.38119600346259)
5255 - (-40.43706605600998, 74.80384318030798)
4537 - (73.37233168534456, -144.3569912775127)
9668 - (-14.75511486994408, -84.72881800567183)
4268 - (65.99850991460212, -48.488612766688334)
1690 - (11.77256617913612, -77.67521974701425)
1976 - (51.95213893327386, -100.27802057728586)
3588 - (-69.64613242927314, -179.80620868110964)
7266 - (-57.46395621238619, 90.81040804358912)
5338 - (-5.278248316866168, 17.28165647148319)
5087 - (42.43165239429297, 6.254335171607181)
5002 - (-82.41878349299647, -174.33470503949658)
7119 - (3.166440447106382, -129.98655960206528)
1090 - (34.260024612766586, -56.89571255880955)
2832 - (-66.47946170115789, -7.256788143676971)
4172 - (55.37705826059522, 28.107275624268254)
8692 - (-63.518096202755096, -59.04593619094777)
6787 - (23.50335936570059, -137.70338858048206)
4338 - (33.336596507796, -53.70479518763672)
8209 - (63.00768080126187, -142.3003790507239)
2607 - (-34.07781573284222, 15.668936815382466)
6285 - (-6.759244945486031, 76.81294911976846)
5878 - (57.235959305293306, 31.340733370177503)
9425 - (-86.16325645357978, 99.43299016547405)
5277 - (-54.43330935756541, 34.09235877705436)
5558 - (-9.575480941749177, 171.94107048053678)
6344 - (47.57622494212515, -161.877088991761)
2143 - (-11.04608339302257, -20.598522891704988)
5717 - (3.586342148035513, -85.450408691763)
9570 - (-5.706302773852045, 52.51025415539786)
8690 - (-59.61068136469629, 51.45233075557971)
1271 - (-53.86341851231022, -105.337904785956)
1390 - (14.210231088286449, 179.84726931619048)
3521 - (-77.57885496635924, -32.34554032650934)
9742 - (63.54169751445923, 70.93847148902168)
6496 - (-40.43803057664778, 29.25834067468685)
5988 - (-0.909000058951861, 9.596899379452111)
9889 - (-1.939908720442233, -142.3273764984488)
8199 - (-46.36870556197243, 161.9181488999966)
6681 - (-73.93494254547934, 7.87789566211228)
6898 - (-80.31821109085423, -157.32775361900576)
4506 - (-10.267139730746393, -172.06591946189954)
2814 - (67.3521522738551, -164.75814964300085)
7255 - (65.71934808973333, -170.55047353378743)
5671 - (80.00764707714833, 35.282582291234945)
3330 - (-16.120101578581796, -164.3178280814746)
6667 - (-75.19858242030466, -86.79726620579773)
9750 - (-20.168843650134264, 109.40272960993417)
3874 - (-38.099743588730185, -123.90630437030111)
4997 - (-29.625660683700787, 0.687359853769124)
6678 - (-15.463915149914953, 79.07467298654007)
5254 - (60.55676982405626, -38.150927298348904)
7429 - (60.32909942151335, -161.46346852781625)
1956 - (-3.119451323154337, 35.91922460111468)
7987 - (53.0426277894974, 118.78096272357067)
5259 - (-29.925250962582375, -54.44611732375512)
1152 - (8.7905379724167, 148.5268549040378)
8621 - (-0.4161208178148, 151.21874704753094)
3963 - (-24.098939615555324, -98.12733810456983)
3804 - (35.64670474274965, -20.9833436335756)
7738 - (-22.578381391853753, 162.9641037948292)
3952 - (-4.569083674794612, 164.26233852533545)
4617 - (-21.350390161534804, -21.0612448548562)
5959 - (-57.824026803040944, -2.562981681141423)
2875 - (88.46235397300899, -179.97234336947022)
1447 - (32.148316312933645, -11.178026590431386)
9240 - (-63.943976982744445, -147.12132600648312)
2256 - (70.04740628443531, 69.14831545438929)
6021 - (27.04727673428083, 77.01524165381022)
8015 - (-28.224281278693567, 117.5804509586468)
3970 - (61.35914863625723, 26.73056495341737)
8170 - (37.6245017111475, 61.7284213433432)
8911 - (15.97162701641011, 80.75518458141408)
1601 - (71.16563331045384, 63.14298391622813)
9377 - (-74.7944986730896, -77.95648396922269)
2398 - (-1.822416120661956, 68.20467955797986)
1505 - (-50.543664251789274, 144.34254239588012)
7298 - (-22.933450347185968, -96.18305508908755)
8591 - (49.780015801018635, 170.4028040843197)
5331 - (-0.461043303381359, -31.500372643913863)
8772 - (-12.173989613391, 79.17891767761887)
5697 - (3.654124276542234, 41.645512341548425)
7729 - (12.731808469832288, 155.95294815991957)
8486 - (4.26365838386937, 80.37297873801032)
9877 - (54.68500327145645, 35.724734291874256)
9210 - (-68.96393758705537, 165.1807895241049)
1500 - (76.44028699797357, 81.68502330534204)
4717 - (35.38004309516492, -170.73646239229387)
7830 - (78.73537923095435, -24.20752480598358)
7235 - (-13.248131411383838, -108.64097386187491)
3488 - (-30.409081594179867, -98.96495449790824)
1027 - (-81.59423890029889, 3.264356455092155)
7271 - (-33.76815769254314, 60.90035411276193)
7100 - (-50.856715805317116, 100.5160204772356)
4517 - (-37.162589330304044, -80.42830410778164)
8918 - (76.33842196428489, 30.354175746379013)
7466 - (-70.45385006181942, 138.54310059180762)
3793 - (-1.46754824885187, 59.839940549709894)
5736 - (-89.75315330970767, 167.3862227441557)
3173 - (74.04643294091315, 156.1157157019507)
3363 - (-31.73894234483555, -131.19626644631853)
9396 - (44.317827270888415, 118.19767528565285)
8493 - (-58.897111243702284, -150.53563781280965)
2623 - (63.95955313208998, 9.404741922493486)
4126 - (23.255141477907657, -116.1618075577348)
4443 - (-83.1112023405647, -80.8669297190786)
3154 - (-83.9759062351723, 84.81589946949504)
5628 - (-46.35426875127877, 48.92816659984928)
3063 - (-40.02711413506316, 49.0086555545453)
3127 - (89.78126733319004, 88.62184242947558)
5476 - (43.86208897005187, -99.77674919961125)
7914 - (58.27424402714627, -20.41222711928185)
8652 - (-54.329384997502146, -49.93314722184226)
1977 - (68.68683254369617, 67.0628243874817)
7933 - (5.398234920347022, 19.23574375926566)
3802 - (-54.522932815401454, 48.54065142422945)
5659 - (3.432796438681962, -165.32452581388034)
1234 - (62.096035593740254, -4.884784061000829)
6307 - (86.40207249831101, -136.81630927959483)
6632 - (-25.57692433497489, -23.274321359078215)
3493 - (-15.271879047410991, 57.15632260261248)
1315 - (50.75595155322438, -42.3179424858219)
9564 - (63.972347242327174, 69.03803087296092)
3224 - (-23.228931424342193, -49.038837263747524)
3868 - (64.888166494433, -57.412287868967)
8624 - (44.288404832844094, -61.551970845150024)
9313 - (-4.37588656837913, 170.7145315806485)
3116 - (59.92856192151868, -50.690476851473164)
5147 - (-50.370423088444184, -148.9627871263711)
8631 - (-24.47197466297817, -124.33288353588667)
8932 - (-38.72544201337592, 32.12855310104254)
9195 - (53.85861119820399, 126.26453517465325)
7928 - (-31.632699578221086, -139.7313614089999)
3793 - (-12.465766757166804, -45.09772562637059)
3266 - (-65.46370540841914, -22.78414005993966)
4678 - (-43.335896874144275, -151.25911940672543)
1262 - (-73.95683734407098, 124.70961890239437)
3855 - (-39.16039506590158, -119.87090991844252)
3805 - (67.66958838274923, 130.71689840159314)
2502 - (52.406937007417326, -7.424379148674859)
7203 - (-35.90658308629007, -94.37065083741545)
3887 - (67.90455909787258, 112.56290233251565)
4601 - (26.799400748191815, -173.85969112848193)
2980 - (27.40127922011311, 34.011448400921466)
2549 - (38.1795396643611, 91.38603476005471)
3770 - (-58.70498469327489, -166.37054957139733)
7677 - (-65.07297464527124, 23.461283166636008)
7237 - (44.368459733495285, 52.492539027474095)
3815 - (-49.867195926673034, -118.59965954994956)
7925 - (27.46715773857646, 68.48280645932155)
2566 - (-11.409460812475913, 15.506392976305648)
8902 - (-83.01184564717634, -15.42796719879317)
1847 - (-28.683908588623055, 118.37562782319759)
1202 - (-32.03815350220073, 133.02446930053014)
1901 - (-30.509592838919843, 117.19105512484407)
3581 - (-72.52675171954539, -54.1854611509644)
2714 - (-47.25714339381394, 29.449849819130833)
5034 - (-76.0854615918525, -18.17570304315217)
4119 - (-85.66025577140601, -105.63055687482057)
7533 - (-21.43205190604418, 76.38303797755634)
1500 - (-46.816240097621574, 179.1502938088331)
3090 - (-43.7157501159554, 65.67944906426803)
3977 - (2.476694894967338, -143.4839656567403)
3219 - (-82.40506145941951, 65.0800703561527)
7122 - (-68.43357450378139, 57.20217283437586)
1440 - (-34.7597516618527, 119.54571422492262)
3408 - (-28.780250732179596, 123.27695784705776)
9905 - (-39.612140086497654, 74.7384519652841)
1439 - (46.78286283381286, 28.038793868021543)
4728 - (77.17765646604562, 34.05780855344702)
8607 - (-4.737786144573562, -163.0588451728779)
2225 - (77.86396206017207, 123.96023617886817)
5465 - (-41.599827368262666, -11.194934261281617)
6136 - (-9.085905422999886, 30.71936391425038)
6063 - (36.91838879742615, -123.70194963123765)
8267 - (50.18160094453012, -6.779495063742559)
7908 - (9.324922631096271, 133.27501380829307)
5164 - (-66.58617137132717, -133.16931578326736)
8306 - (2.299945588043613, 79.55184137585411)
1973 - (82.09881120231259, -46.76974216503163)
2743 - (-45.658320904301505, -67.30127810800349)
5289 - (-20.408271288122208, 132.27349356790603)
6544 - (-40.92904493627419, -141.41250941768655)
1097 - (-81.92334639494723, -157.9102867364959)
5833 - (-74.89656985383994, -141.20389742976576)
8690 - (-59.92554278579313, 91.86773397304245)
7673 - (-75.18086250623824, -128.7712902064476)
3643 - (47.15387173728985, 141.49321733488273)
5652 - (74.10160465963284, -93.12151386430025)
8437 - (-29.619192436519974, -19.620740518453715)
7268 - (42.24956403639101, 48.41561477273322)
4352 - (51.641969620548906, -19.83242663442732)
4462 - (32.979180592386015, 161.1127711012354)
6516 - (-83.24438408817097, -154.06520003833043)
1091 - (73.47234862000357, -100.01556762346718)
8342 - (-30.626913877613525, 164.55757142607263)
8997 - (87.67813042248301, -179.1328620320093)
3396 - (-63.5538039742637, -4.445654020475757)
4380 - (52.84813812534907, 164.53669342136254)
3842 - (-50.02716922125257, 65.43574079875216)
3656 - (11.996395297644014, -76.36581230060018)
5962 - (-58.619051568706915, 13.448116022322495)
5325 - (52.317889950281966, -160.3462220703228)
1911 - (63.8448576448036, -178.68270393337042)
2243 - (62.50476272380109, -118.16190037986345)
1805 - (-72.94609515305892, 90.52572889688838)
1155 - (3.319979652812435, 163.95431266591925)
1346 - (-79.73738637116615, -35.980081556078744)
4770 - (-82.47838453226963, -72.86050810120233)
4796 - (4.870117514761887, -126.33592447246097)
8642 - (-78.81641236882506, 167.67011371756757)
1552 - (43.96911195280285, 87.7715630083319)
4293 - (-83.73439713654277, 173.8124487741615)
7878 - (-47.379060625756054, -78.36773511308577)
6743 - (-10.578831002780078, 113.82888414918074)
1825 - (-55.418057178519945, 89.7347335046178)
8882 - (66.35216692304706, -129.953444527799)
9948 - (-83.04729743635882, 91.26545955350798)
8537 - (32.95518350330484, 88.55228985351778)
8237 - (-61.29525512401591, -26.89608578913277)
7086 - (24.112032305089258, -140.35974105563434)
8428 - (83.46640704047437, -36.50542733181268)
2810 - (23.535932374790576, -82.42638129188254)
8491 - (6.344247755358197, 43.09511340158616)
9177 - (76.0659879380388, 69.63394181211336)
9725 - (0.658559835671099, 57.86945886580918)
4094 - (-83.6799034626757, -154.57281100956033)
2018 - (27.2349340104912, -61.738921215975125)
8560 - (-13.604224058549931, 159.08249729958862)
3104 - (-82.81136561109184, -109.79634302269916)
1553 - (46.176317249183626, -164.2365495191336)
6843 - (-7.782432894240202, 175.73807171358618)
5056 - (70.74186552053081, 117.6806740417403)
7592 - (35.81766786669294, 129.0344263527332)
8179 - (-45.61540028039424, -68.59874814607869)
2673 - (-6.539587187106832, -174.03707608942307)
1314 - (-2.412746531340375, -167.99343297242282)
1307 - (-17.040910545742506, -24.26099819438062)
5187 - (81.5163857912249, -37.32626236158839)
5694 - (40.79017215645251, -66.91584935897323)
2018 - (11.939149926577727, -34.57330590469894)
7166 - (-41.47775986105598, 159.31163138590614)
5570 - (55.020828985030704, 82.5113320180281)
1296 - (-42.58715916588841, 69.26506716954353)
8594 - (17.394155662496118, -6.821594814368609)
2271 - (-14.214246695871708, 171.35829692937358)
4963 - (87.57853073052206, -176.15956404825212)
3504 - (-29.360088737078343, 35.970046662713315)
3410 - (35.79576065759082, 52.509621262029896)
6643 - (53.04491250901037, -29.91566728225132)
5158 - (86.70226491668916, 69.36090970343537)
